function Q = matriceQ()
Q(1,1)=16;
Q(1,2)=11;
Q(1,3)=10;
Q(1,4)=16;
Q(1,5)=24;
Q(1,6)=40;
Q(1,7)=51;
Q(1,8)=61;
Q(2,1)=12;
Q(2,2)=12;
Q(2,3)=14;
Q(2,4)=19;
Q(2,5)=26;
Q(2,6)=58;
Q(2,7)=60;
Q(2,8)=55;
Q(3,1)=14;
Q(3,2)=13;
Q(3,3)=16;
Q(3,4)=24;
Q(3,5)=40;
Q(3,6)=57;
Q(3,7)=69;
Q(3,8)=56;
Q(4,1)=14;
Q(4,2)=17;
Q(4,3)=22;
Q(4,4)=29;
Q(4,5)=61;
Q(4,6)=87;
Q(4,7)=80;
Q(4,8)=62;
Q(5,1)=18;
Q(5,2)=22;
Q(5,3)=37;
Q(5,4)=56;
Q(5,5)=68;
Q(5,6)=109;
Q(5,7)=103;
Q(5,8)=77;
Q(6,1)=24;
Q(6,2)=35;
Q(6,3)=55;
Q(6,4)=64;
Q(6,5)=81;
Q(6,6)=104;
Q(6,7)=113;
Q(6,8)=92;
Q(7,1)=49;
Q(7,2)=64;
Q(7,3)=78;
Q(7,4)=87;
Q(7,5)=103;
Q(7,6)=121;
Q(7,7)=120;
Q(7,8)=101;
Q(8,1)=72;
Q(8,2)=92;
Q(8,3)=95;
Q(8,4)=98;
Q(8,5)=112;
Q(8,6)=100;
Q(8,7)=103;
Q(8,8)=90;
end